%  configuracao inicial
%  QUADRUPOLOS
%  ===========

qfa_strength	= 3.781546267116; % original
qda_strength	=-1.724861679102;
qdb2_strength	=-3.610352029005;
qfb_strength	= 4.278824038372;
qdb1_strength	=-2.110673214423;

% qfa_strength	= 3.782047688077775;  % same tune as C1
% qda_strength	=-1.731901771845652;
% qdb2_strength	=-3.611970859969574;
% qfb_strength	= 4.280793599163645;
% qdb1_strength	=-2.117686863701636;

qf1_strength	= 2.990961985911;
qf2_strength	= 4.225161819526;
qf3_strength	= 3.294338790849;
qf4_strength	= 3.95388361043;


%  SEXTUPOLOS
%  ===========

sfa_strength    =   54.318865070432743;
sda_strength    =  -80.342681453858276;
sd1j_strength   = -179.0604277669913;
sf1j_strength   =  201.1221718123221;
sdb_strength    =  -63.058957957745768;
sfb_strength    =   74.516910487835915;
sd2j_strength   =  -99.053880937585689;
sd3j_strength   = -130.7008349550932;
sf2j_strength   =  159.7075297038999;
sd1k_strength   = -133.5864259996174;
sf1k_strength   =  233.7705672857414;
sd2k_strength   = -126.7019231701700;
sd3k_strength   = -184.3812116288876;
sf2k_strength   =  220.7366109106067;

