%  configuracao inicial
%  QUADRUPOLOS
%  ===========

% qfa_strength     =  3.776291; % moga optimzed for C02
% qda_strength     = -1.733224;
% qdb2_strength    = -3.321007;
% qfb_strength     =  4.230600;
% qdb1_strength    = -2.206822;
% qf1_strength     =  3.062275;
% qf2_strength     =  4.171356;
% qf3_strength     =  3.321821;
% qf4_strength     =  3.909592;

% qfa_strength     = 3.781216174112;   % original MAD fit for C01
% qda_strength     = -1.727023504738;
% qdb2_strength    = -3.463970921245;
% qfb_strength     = 4.256336758225;
% qdb1_strength    = -2.166195280249;
% qf1_strength     = 3.08704787837;
% qf2_strength     = 4.152094565265;
% qf3_strength     = 3.238939835933;
% qf4_strength     = 3.99281375493;

qfa_strength     = 3.781127255639479;   % tune [48.094076551431819  13.117516956683698] fitted for moga C02
qda_strength     = -1.727450426951440;
qdb2_strength    = -3.464186498121693;
qfb_strength     = 4.255836760752442;
qdb1_strength    = -2.166621192701850;
qf1_strength     = 3.08704787837;
qf2_strength     = 4.152094565265;
qf3_strength     = 3.238939835933;
qf4_strength     = 3.99281375493;


%  SEXTUPOLOS
%  ===========

sda_strength     =  -78.2234;
sfa_strength     =   52.0364;
sdb_strength     =  -58.1022;
sfb_strength     =   76.0027;
sd1j_strength    = -177.4914;
sf1j_strength    =  197.7428;
sd2j_strength    =  -95.6511;
sd3j_strength    = -124.5333;
sf2j_strength    =  156.0761;
sd1k_strength    = -131.1118;
sf1k_strength    =  228.7555;
sd2k_strength    = -125.9740;
sd3k_strength    = -179.6652;
sf2k_strength    =  218.7230;


