%% Version SI.V24.01-S05.01 
%  ========================
%  dipole BC Model-13

% QUADRUPOLES
% ===========
QDA_strength  = -1.622404771059;
QFA_strength  = +3.574849741767;
QDB1_strength = -2.008744908636;
QDB2_strength = -3.403732690455;
QFB_strength  = +4.112048429299;
QDP1_strength = -2.008744908636;
QDP2_strength = -3.403732690455;
QFP_strength  = +4.112048429299;

Q1_strength   = +2.82467581344;
Q2_strength   = +4.33553230561;
Q3_strength   = +3.226244592296;
Q4_strength   = +3.941477483915;

% SEXTUPOLES
% ==========
SDA0_strength = -80.833699999999993;
SDB0_strength = -64.942200000000000;
SDP0_strength = -64.942200000000000;
SFA0_strength = +52.569600000000001;
SFB0_strength = +73.740099999999998;
SFP0_strength = +73.740099999999998;

SDA1_strength = -162.99770897901567;
SDA2_strength = -88.86139948521226;
SDA3_strength = -139.94649551136112;
SFA1_strength = +191.83978904451774;
SFA2_strength = +150.77750045568521;
SDB1_strength = -141.66041724122798;
SDB2_strength = -122.24362142235795;
SDB3_strength = -173.82297579942781;
SFB1_strength = +227.90339692122569;
SFB2_strength = +197.83830402346805;
SDP1_strength = -142.31715319924902;
SDP2_strength = -122.28842606840020;
SDP3_strength = -174.16371835610005;
SFP1_strength = +229.26062594204964;
SFP2_strength = +198.51173746324628;   