ID    : W2T
Energy:  3.00 GeV
BetaX :  3.91 m
BetaY :  0.71 m
dtunex: -0.003755
dtuney: +0.007570
