%  configuracao inicial
%  QUADRUPOLOS
%  ===========

qfa_strength	= 3.781546267116; % same tune as C2
qda_strength	=-1.724861679102;
qdb2_strength	=-3.610352029005;
qfb_strength	= 4.278824038372;
qdb1_strength	=-2.110673214423;

% qfa_strength	= 3.782047688077775;  % same tune as C1
% qda_strength	=-1.731901771845652;
% qdb2_strength	=-3.611970859969574;
% qfb_strength	= 4.280793599163645;
% qdb1_strength	=-2.117686863701636;

qf1_strength	= 2.990961985911;
qf2_strength	= 4.225161819526;
qf3_strength	= 3.294338790849;
qf4_strength	= 3.95388361043;


%  SEXTUPOLOS
%  ===========
sda_strength    = -78.5215806742375 ;
sfa_strength    =  53.08763746216960;
sdb_strength    = -61.62962157737020;
sfb_strength    =  72.82786051677830;
sd1j_strength   =-175.00172473760615;
sf1j_strength   = 196.56340258457615;
sd2j_strength   = -96.80865963633375;
sd3j_strength   =-127.73828269611105;
sf2j_strength   = 156.08749236394485;
sd1k_strength   =-130.55846701029275;
sf1k_strength   = 228.47176776059795;
sd2k_strength   =-123.83001291164615;
sd3k_strength   =-180.2019041652995 ;
sf2k_strength   = 215.73324772996625;
