%  configuracao inicial
%  QUADRUPOLOS
%  ===========

qfa_strength	= 3.781216174112; % original
qda_strength	=-1.727023504738;
qdb2_strength	=-3.463970921245;
qfb_strength	= 4.256336758225;
qdb1_strength	=-2.166195280249;
qf1_strength	= 3.08704787837;
qf2_strength	= 4.152094565265;
qf3_strength	= 3.238939835933;
qf4_strength	= 3.99281375493;


%  SEXTUPOLOS
%  ===========

sfa_strength    =   54.318865070432743;
sda_strength    =  -80.342681453858276;
sd1j_strength   = -179.0604277669913;
sf1j_strength   =  201.1221718123221;
sdb_strength    =  -63.058957957745768;
sfb_strength    =   74.516910487835915;
sd2j_strength   =  -99.053880937585689;
sd3j_strength   = -130.7008349550932;
sf2j_strength   =  159.7075297038999;
sd1k_strength   = -133.5864259996174;
sf1k_strength   =  233.7705672857414;
sd2k_strength   = -126.7019231701700;
sd3k_strength   = -184.3812116288876;
sf2k_strength   =  220.7366109106067;

