% run_000535.m
%  QUADRUPOLOS
%  ===========
qfa_strength	= 3.784036287260511;
qda_strength	=-1.742022572513383;
qdb2_strength	=-3.316987302720692;
qfb_strength	= 4.2303071888313  ;
qdb1_strength	=-2.209987911166976;
qf1_strength	= 3.061960754226896;
qf2_strength	= 4.1708281179327  ;
qf3_strength	= 3.315423991259567;
qf4_strength	= 3.909020320224452;
 
%  SEXTUPOLOS
%  ===========
sda_strength	= -78.5215806742375 ;
sfa_strength	=  53.08763746216960;
sdb_strength	= -61.62962157737020;
sfb_strength	=  72.82786051677830;
sd1j_strength	=-175.00172473760615;
sf1j_strength	= 196.56340258457615;
sd2j_strength	= -96.80865963633375;
sd3j_strength	=-127.73828269611105;
sf2j_strength	= 156.08749236394485;
sd1k_strength	=-130.55846701029275;
sf1k_strength	= 228.47176776059795;
sd2k_strength	=-123.83001291164615;
sd3k_strength	=-180.2019041652995 ;
sf2k_strength	= 215.73324772996625;
