%  QUADRUPOLOS
%  ===========

% linear matching solution (a) 
% qfa_strength	=  4.337538462266;
% qda_strength	= -2.727127326195;
% qdb2_strength	= -2.711742554604;
% qfb_strength	=  4.450277464368;
% qdb1_strength	= -3.530572998382;
% qf1_strength	=  2.993545831042;
% qf2_strength	=  4.185930194899;
% qf3_strength	=  3.547341930675;
% qf4_strength	=  3.775183773000;

% linear matching (b)
qfa_strength	=  4.342664572458;
qda_strength	= -2.734251614033;
qdb2_strength	= -2.603150998495;
qfb_strength	=  4.436280611804;
qdb1_strength	= -3.557463702864;
qf1_strength	=  2.980740492038;
qf2_strength	=  4.194037698430;
qf3_strength	=  3.552598330025;
qf4_strength	=  3.765300909354;

%  SEXTUPOLOS
%  ===========

sda_strength	= -22.330999;
sfa_strength	= 19.667121;
sdb_strength	= -15.547465;
sfb_strength	= 58.833849;

sd1_strength	= -172.355152;
sf1_strength	= 198.450589;
sd2_strength	= -94.317999;
sd3_strength	= -121.992177;
sf2_strength	= 139.639060;

sd6_strength	= -132.113249;
sf4_strength	= 227.373465;
sd5_strength	= -121.041312;
sd4_strength	= -172.947852;
sf3_strength	= 214.175203;



