ID    : SCW3T
Energy:  3.00 GeV
BetaX :  3.91 m
BetaY :  0.71 m
dtunex: -0.000097
dtuney: +0.002344
