%% opt_2:

% qf_strength = 1.8821;
% qd_strength = 0.0;
% sf_strength = 6.331497;
% sd_strength = 0.0;

% 2014-12-05 Fernando
% Result firstRun-209 of moga optimization to improve DA
% tunex  = 19.20433
% tuney  =  7.31417
% chromx =  +0.5
% chromy =  +0.5
% qd_strength = 0.01121907309893941;
% qf_strength = 1.876071307737087;
% sf_strength = 12.34910246282437/2;
% sd_strength = 7.051860735882379/2;


% 2014-12-01 ximenes
% final fildmap analysis of model6
% tunex  = 19.20433
% tuney  =  7.31417
% chromx =  +0.5
% chromy =  +0.5
qf_strength = 1.882125768941849;
qd_strength = -0.001423074311685;
sf_strength =  6.167055148707040; 
sd_strength = 2.858726129029919; 

% % 2014-10-29 ximenes
% % with new segmented b model
% % tunes corrected to [19.20475, 7.30744]
% % chroms set to [0.5,0.5]
% qf_strength = +1.882118628753756;
% qd_strength = -0.883587030955089e-3;
% sf_strength = 6.167352183794390; 
% sd_strength = 2.989839869932359; 