function [bd, b_length_segmented, b_model] = dipole_segmented_model(bend_pass_method)

d2r = pi/180.0;

% dipole model 2015-09-16
% =======================
% this model is based on the same approved model6 dipole
% new python script was used to derived integrated multipoles around
% trajectory centered in good-field region. init_rx is set to +9.045 mm
% *** intertpolation of fields is now cubic ***
% *** dipole angles were normalized to better close 360 degrees ***
%--- model polynom_b (rz > 0). units: [m] for length, [rad] for angle and [m],[T] for polynom_b ---
b_model = [ ...
%len[m]   angle[rad]   PolynomB(n=0)  PolynomB(n=1)  PolynomB(n=2)  PolynomB(n=3)  PolynomB(n=4)  PolynomB(n=5)  PolynomB(n=6)  
0.1960,  d2r* 1.1572,  +0.000000e+00,  -2.272565e-01,  -1.982429e+00,  -6.357730e+00,  -3.090667e+02,  -2.050288e+04,  -7.485474e+05;...   
0.1920,  d2r* 1.1428,  +0.000000e+00,  -2.119941e-01,  -1.926460e+00,  -3.535411e+00,  -1.182766e+02,  -7.140587e+03,  -4.763814e+05;...   
0.1580,  d2r* 0.9526,  +0.000000e+00,  -1.859630e-01,  -1.881590e+00,  -1.730076e-01,  -1.650540e+02,  +2.652761e+03,  -8.366171e+04;...   
0.0340,  d2r* 0.1955,  +0.000000e+00,  -2.077807e-01,  -1.948986e+00,  +7.187891e+00,  -2.640959e+02,  +6.127578e+03,  -3.988633e+05;...   
0.0300,  d2r* 0.0836,  +0.000000e+00,  -9.481689e-02,  -1.587599e+00,  +2.464462e+01,  -8.268328e+02,  +1.074123e+04,  -3.337856e+05;...   
0.1580,  d2r* 0.0675,  +0.000000e+00,  +5.004115e-03,  -7.199178e-01,  +2.971617e+00,  -5.090294e+01,  -4.863955e+02,  +2.188990e+04;...   
0.0010,  d2r* 0.0008,  -4.984551e-04,  +1.062454e-02,  -6.308172e-01,  -4.353379e-01,  +1.842258e+01,  +8.052845e+00,  -4.619714e+02;... 
];


% dipole model 2015-09-10
% =======================
% this model is based on the same approved model6 dipole
% new python script was used to derived integrated multipoles around
% trajectory centered in good-field region. init_rx is set to +9.045 mm
% *** intertpolation of fields is now cubic ***
%--- model polynom_b (rz > 0). units: [mm] for length, [rad] for angle and [m],[T] for polynom_b ---
% b_model = [ ...
% %len[m]   angle[rad]   PolynomB(n=0)  PolynomB(n=1)  PolynomB(n=2)  PolynomB(n=3)  PolynomB(n=4)  PolynomB(n=5)  PolynomB(n=6)  
% 0.1960  +2.019565e-02  +0.000000e+00  -2.272565e-01  -1.982429e+00  -6.357730e+00  -3.090667e+02  -2.050288e+04  -7.485474e+05;...   
% 0.1920  +1.994595e-02  +0.000000e+00  -2.119941e-01  -1.926460e+00  -3.535411e+00  -1.182766e+02  -7.140587e+03  -4.763814e+05;...   
% 0.1580  +1.662544e-02  +0.000000e+00  -1.859630e-01  -1.881590e+00  -1.730076e-01  -1.650540e+02  +2.652761e+03  -8.366171e+04;...   
% 0.0340  +3.412404e-03  +0.000000e+00  -2.077807e-01  -1.948986e+00  +7.187891e+00  -2.640959e+02  +6.127578e+03  -3.988633e+05;...   
% 0.0300  +1.459139e-03  +0.000000e+00  -9.481689e-02  -1.587599e+00  +2.464462e+01  -8.268328e+02  +1.074123e+04  -3.337856e+05;...   
% 0.1580  +1.178940e-03  +0.000000e+00  +5.004115e-03  -7.199178e-01  +2.971617e+00  -5.090294e+01  -4.863955e+02  +2.188990e+04;...   
% 0.0010  +1.432861e-05  -4.984551e-04  +1.062454e-02  -6.308172e-01  -4.353379e-01  +1.842258e+01  +8.052845e+00  -4.619714e+02;... 
% ];


% dipole model 2014-12-01
% =======================
% this model is based on the same approved model6 dipole
% new python script was used to derived integrated multipoles around
% trajectory centered in good-field region. init_rx is set to +9.045 mm
% falled back to 'solve' method for polynomial interpolation.

% b_model = [ ...
% % len  angle                PolynomB[1]          PolynomB[2] ...
% 0.1960 +2.019543e-02 +0.000000e+00 -2.272773e-01 -1.983148e+00 -5.887754e+00 -3.025835e+02 -2.317689e+04 -7.875649e+05;... 
% 0.1920 +1.994573e-02 +0.000000e+00 -2.120079e-01 -1.926535e+00 -3.207544e+00 -1.203679e+02 -8.935228e+03 -4.719305e+05;... 
% 0.1580 +1.662526e-02 +0.000000e+00 -1.859618e-01 -1.882988e+00 -2.007607e-01 -1.432845e+02 +2.788161e+03 -1.791886e+05;... 
% 0.0340 +3.411849e-03 +0.000000e+00 -2.067510e-01 -1.851285e+00 -9.283365e+00 -1.011630e+03 +5.867357e+04 +9.576563e+05;... 
% 0.0300 +1.459518e-03 +0.000000e+00 -9.546626e-02 -1.722479e+00 +3.516586e+01 +3.371373e+02 -2.222028e+04 -2.863012e+06;... 
% 0.1580 +1.179063e-03 +0.000000e+00 +4.997853e-03 -7.327753e-01 +3.067168e+00 +6.866808e+01 -7.770617e+02 -2.591275e+05;... 
% 0.0010 +1.403307e-05 +9.722121e-07 +9.781965e-03 -6.822178e-01 +2.200638e+00 +5.710292e+02 -4.725951e+03 -1.263824e+06;... 
% ];

% dipole model 2014-10-19
% =======================
% this model is based on the same approved model6 dipole
% new python script was used to derived integrated multipoles around
% trajectory centered in good-field region. init_rx is set to +9.045 mm
% model segmentation was preserved (14) but multipoles were rescaled
% from previous integrated values to new ones.
% b_model = [ ...
% % len                angle                PolynomB[1]          PolynomB[2] ...
% +1.9600000000000E-01 +2.0195440847176E-02 +0.0000000000000E+00 -2.2718737794240E-01 -1.9838101973556E+00 -6.7100381692044E+00 +4.9920710941460E-05 -1.3300435827537E-04 +2.4235784274106E-08;...
% +1.9200000000000E-01 +1.9945732400886E-02 +0.0000000000000E+00 -2.1192778004400E-01 -1.9172568031810E+00 -3.7354632993019E+00 -1.9634481701885E-05 -4.9798831271698E-05 +3.4371169036436E-09;...
% +1.5800000000000E-01 +1.6625265049598E-02 +0.0000000000000E+00 -1.8590486931855E-01 -1.8737337003164E+00 -1.6541302326730E-01 -1.9338306308259E-05 +1.2255709898644E-05 +4.1512320572352E-09;...
% +3.4000000000000E-02 +3.4121780697475E-03 +0.0000000000000E+00 -2.0790741807102E-01 -1.9108616811517E+00 +6.0211592722707E+00 -8.0389504785605E-04 +4.2587366778860E-04 -2.0493449755724E-07;...
% +3.0000000000000E-02 +1.4593537587502E-03 +0.0000000000000E+00 -9.5038400635701E-02 -1.6494710898138E+00 +2.5462042127288E+01 +9.5248097990464E-04 +3.3179449011173E-05 +3.3304203270259E-07;...
% +1.5800000000000E-01 +1.1796180861276E-03 +0.0000000000000E+00 +4.8538016476408E-03 -7.1806104227790E-01 +3.1726318161202E+00 -2.1836064393780E-05 -7.5534836079246E-06 -2.5720679947909E-09;...
% +1.0000000000000E-03 +1.4264859509966E-05 +4.1405772719342E-05 +3.0576641299928E-02 -8.2104840247350E+00 -1.3034706925023E+02 -4.3041809412239E-02 -1.1076703523835E-02 -1.0030203613377E-05;...
% ];
