% same optics as optimization run2_000491.m of tux49.tuy14.sext14.defConf
%  QUADRUPOLOS
%  ===========
qfa_strength  = 3.554977601176462;
qda_strength  =-1.541381856015229;
qdb2_strength =-3.277876202317892;
qfb_strength  = 4.092598855851691;
qdb1_strength =-2.038187125575815;
qdp2_strength =-3.277876202317892;
qfp_strength  = 4.092598855851691;
qdp1_strength =-2.038187125575815;
q1_strength	  = 2.901583657954850;
q2_strength	  = 4.268615906892407;
q3_strength	  = 3.290111749178743;
q4_strength	  = 3.870354374149453;

%  SEXTUPOLOS
%  ===========
sda0_strength  = -80.8337;
sdb0_strength  = -64.9422;
sdp0_strength  = -64.9422;
sda1_strength  =-163.4308;
sdb1_strength  =-142.7722;
sdp1_strength  =-142.7722;
sda2_strength  = -88.9704;
sdb2_strength  =-122.4362;
sdp2_strength  =-122.4362;
sda3_strength  =-140.1380;
sdb3_strength  =-174.2978;
sdp3_strength  =-174.2978;
sfa0_strength  =  52.5696;
sfb0_strength  =  73.7401;
sfp0_strength  =  73.7401;
sfa1_strength  = 193.1610;
sfb1_strength  = 230.3729;
sfp1_strength  = 230.3729;
sfa2_strength  = 151.5153;
sfb2_strength  = 199.3112;
sfp2_strength  = 199.3112;