%  QUADRUPOLOS
%  ===========
qfa_strength	= 4.355832;
qda_strength	= -1.933127;
qdb2_strength	= -1.728874;
qfb_strength	= 5.215254;
qdb1_strength	= -2.432403;
qf1_strength	= 3.003454;
qf2_strength	= 4.175427;
qf3_strength	= 3.559636;
qf4_strength	= 3.752661;

%  SEXTUPOLOS
%  ===========

sda_strength	= -22.330999;
sfa_strength	= 19.667121;
sdb_strength	= -15.547465;
sfb_strength	= 58.833849;

sd1_strength	= -172.355152;
sf1_strength	= 198.450589;
sd2_strength	= -94.317999;
sd3_strength	= -121.992177;
sf2_strength	= 139.639060;

sd6_strength	= -132.113249;
sf4_strength	= 227.373465;
sd5_strength	= -121.041312;
sd4_strength	= -172.947852;
sf3_strength	= 214.175203;



