% v500_low2chrom-000374
%  QUADRUPOLOS
%  ===========
qaf_strength	= 2.535323544933648;
qad_strength	= -2.720208520212974;
qbd2_strength	= -3.985142434440647;
qbf_strength	= 3.903953072659784;
qbd1_strength	= -2.947567537116373;
qf1_strength	= 2.370479887080239;
qf2_strength	= 3.353402134149985;
qf3_strength	= 3.083598871709936;
qf4_strength	= 2.708587988826911;

%  SEXTUPOLOS
%  ===========
sa1_strength	= -73.32936335366745;
sa2_strength	= 27.10231020528890;
sb1_strength	= -122.91050064369180;
sb2_strength	= 77.67827003587865;
sd2_strength	= -90.67690286345010;
sd3_strength	= -151.78996602722535;
sf2_strength	= 186.75710214843470;
sd1_strength	= -136.86805653891555;
sf1_strength	= 176.56119196046785;