% v500low2chrom ==> result374-000576
%  QUADRUPOLOS
%  ===========
qaf_strength	= 2.534395031688682;
qad_strength	= -2.721101236983065;
qbd2_strength	= -3.984894511698974;
qbf_strength	= 3.904484807845459;
qbd1_strength	= -2.950114153106215;
qf1_strength	= 2.370908579430082;
qf2_strength	= 3.352340727953668;
qf3_strength	= 3.083641897818114;
qf4_strength	= 2.705709499895239;

%  SEXTUPOLOS
%  ===========
sa1_strength	= -68.15980737240025;
sa2_strength	= 28.022639656853955;
sb1_strength	= -119.55313550745025;
sb2_strength	= 73.61594751989790;
sd2_strength	= -90.7596724997830;
sd3_strength	= -153.22735213618670;
sf2_strength	= 184.62844940272565;
sd1_strength	= -136.55040060758555;
sf1_strength	= 177.93870955797275;
