% v500_low2chrom ==> result374-000669
%  QUADRUPOLOS
%  ===========
qaf_strength	= 2.536703689773236;
qad_strength	= -2.731732985529366;
qbd2_strength	= -3.998343044907757;
qbf_strength	= 3.90247430901731;
qbd1_strength	= -2.940296901822344;
qf1_strength	= 2.371602946556242;
qf2_strength	= 3.352571658350401;
qf3_strength	= 3.077901988872876;
qf4_strength	= 2.717054587653758;

%  SEXTUPOLOS
%  ===========
sa1_strength	= -65.13575347227855;
sa2_strength	= 28.164420691983880;
sb1_strength	= -120.18164070630280;
sb2_strength	= 72.44736944635555;
sd2_strength	= -91.34202480486335;
sd3_strength	= -152.40108211083665;
sf2_strength	= 184.94654213081460;
sd1_strength	= -136.48278130859775;
sf1_strength	= 177.7810791401640;
