% run_000535.m
%  QUADRUPOLOS
%  ===========
qfa_strength	= 4.51642242283 ;
qda_strength	=-2.906219353183;
qdb2_strength	=-3.373753287641;
qfb_strength	= 4.234143687099;
qdb1_strength	=-2.139775270345;
qf1_strength	= 3.060354491363;
qf2_strength	= 4.165662846953;
qf3_strength	= 3.306150007723;
qf4_strength	= 3.882650207357;
 
%  SEXTUPOLOS
%  ===========
sda_strength    = -78.5215806742375 ;
sfa_strength    =  53.08763746216960;
sdb_strength    = -61.62962157737020;
sfb_strength    =  72.82786051677830;
sd1j_strength   =-175.00172473760615;
sf1j_strength   = 196.56340258457615;
sd2j_strength   = -96.80865963633375;
sd3j_strength   =-127.73828269611105;
sf2j_strength   = 156.08749236394485;
sd1k_strength   =-130.55846701029275;
sf1k_strength   = 228.47176776059795;
sd2k_strength   =-123.83001291164615;
sd3k_strength   =-180.2019041652995 ;
sf2k_strength   = 215.73324772996625;
