% Matching done by Liu on MAD. Exact simmetry of optics in the MC markers.
% The dynamic aperture is not very good 
%  QUADRUPOLOS
%  ===========
qfa_strength  = 3.615330935595;
qda_strength  =-1.536945137228;
qdb2_strength =-3.219266951761;
qfb_strength  = 4.093789258132;
qdb1_strength =-2.040885443971;
qdp2_strength =-0.179366774673;
qfp_strength  = 2.425486024752;
qdp1_strength =-1.421262635498;
q1_strength   = 2.823883739904;
q2_strength   = 4.328376648999;
q3_strength   = 3.289214163551;
q4_strength   = 3.889791885421;

% same sextupoles as si.v14.c03
%  SEXTUPOLOS
%  ===========
sda0_strength  = -79.9696;
sdb0_strength  = -59.7268;
sdp0_strength  = -79.9696;
sda1_strength  =-168.4648;
sdb1_strength  =-129.9407;
sdp1_strength  =-168.4648;
sda2_strength  = -92.0401;
sdb2_strength  =-126.6479;
sdp2_strength  = -92.0401;
sda3_strength  =-123.8271;
sdb3_strength  =-182.9644;
sdp3_strength  =-123.8271;
sfa0_strength  =  54.3899;
sfb0_strength  =  73.6649;
sfp0_strength  =  54.3899;
sfa1_strength  = 191.9406;
sfb1_strength  = 228.3979;
sfp1_strength  = 191.9406;
sfa2_strength  = 154.7264;
sfb2_strength  = 213.3971;
sfp2_strength  = 154.7264;