function r = lnls1_goldenorbit


% Órbita de Offset (corretotas desligadas)
% A SER MEDIDA!!!
r.OffsetOrbit = [ ...
 0.000000	 0.000000	; ... %AMP01B	OK		OK
 0.000000	 0.000000	; ... %AMP02A	OK		OK
 0.000000	 0.000000	; ... %AMP02B	OK		OK
 0.000000	 0.000000	; ... %AMP03A	OK		OK
 0.000000	 0.000000	; ... %AMP03B	OK		OK
 0.000000	 0.000000	; ... %AMP03C	OK		OK
 0.000000	 0.000000	; ... %AMP04A	OK		OK
 0.000000	 0.000000	; ... %AMP04B	OK		OK
 0.000000	 0.000000	; ... %AMP05A	OK		OK
 0.000000	 0.000000	; ... %AMP05B	OK		OK
 0.000000	 0.000000	; ... %AMP06A	OK		OK
 0.000000	 0.000000	; ... %AMP06B	OK		OK
 0.000000	 0.000000	; ... %AMP07A	OK		OK
 0.000000	 0.000000	; ... %AMP07B	OK		OK
 0.000000	 0.000000	; ... %AMP08A	OK		OK
 0.000000	 0.000000	; ... %AMP08B	OK		OK
 0.000000	 0.000000	; ... %AMP09A	OK		OK
 0.000000	 0.000000	; ... %AMP09B	OK		OK
 0.000000	 0.000000	; ... %AMP10A	OK		OK
 0.000000	 0.000000	; ... %AMP10B	OK		OK
 0.000000	 0.000000	; ... %AMU11A	OK		OK
 0.000000	 0.000000	; ... %AMU11B	OK		OK
 0.000000	 0.000000	; ... %AMP12A	OK		OK
 0.000000	 0.000000	; ... %AMP12B	OK		OK
 0.000000	 0.000000	; ... %AMP01A	OK		OK
];


% 2011-10-17

% Medida de BBA realizada em 2011-03-26.
% Redefinição de novos intervalos para alguns BPMs foi necessária.
r.BBAOffsetOrbit = [ ...
-0.897357	-0.417449	; ... %AMP01B	OK		OK
 0.011939	-0.022774	; ... %AMP02A	OK		OK
-0.924705	 0.653780	; ... %AMP02B	OK		OK
-0.530272	 0.512212	; ... %AMP03A	OK		OK
-1.192954	 2.238934	; ... %AMP03B	OK		OK
-2.512564	 0.614991	; ... %AMP03C	OK		OK
 0.452614	 0.380045	; ... %AMP04A	OK		OK
-0.818794	-0.138175	; ... %AMP04B	OK		OK
-1.597401	 0.973369	; ... %AMP05A	OK		OK
-0.479178	 0.824232	; ... %AMP05B	OK		OK
 0.505146	 1.201961	; ... %AMP06A	OK		OK
-0.553779	-0.812401	; ... %AMP06B	OK		OK
-0.731691	 0.512710	; ... %AMP07A	OK		OK
-0.253322	 0.388847	; ... %AMP07B	OK		OK
-0.341810	 0.296053	; ... %AMP08A	OK		OK
 0.191795	 0.063257	; ... %AMP08B	OK		OK
-0.141567	 0.309587	; ... %AMP09A	OK		OK
 0.004258	 0.540149	; ... %AMP09B	OK		OK
-0.339985	 0.589727	; ... %AMP10A	OK		OK
-0.549132	 0.410538	; ... %AMP10B	OK		OK
 0.417493	 1.082259	; ... %AMU11A	OK		OK
 0.742367	 1.512485	; ... %AMU11B	OK		OK
-0.687390	 0.971078	; ... %AMP12A	OK		OK
-1.048993	 0.538571	; ... %AMP12B	OK		OK
-0.488113	 0.325048	; ... %AMP01A	OK		OK
];

% Referencia gerada a partir da anterior (Referencia_ate_26-07-2011)
% com correcao do offset em AMP07B e AMP08A devido a retirada dos Liberas.
% Correcao calculada a partir das diferencas medidas com BBA antes e depois
% da retirada dos liberas. 
r.GoldenOrbit = [ ...
    -1.05143457245867       -0.375377324195597 	; ... AMP01B
     0.762903223387184      -0.0357390228521695	; ... %AMP02A
    -1.89379660920531        0.595757094329201	; ... %AMP02B
    -0.344709083755333       0.568326160092511	; ... %AMP03A
    -0.834122763320011       2.202447726635		; ... %AMP03B
    -2.30762427501031        0.678651281977181	; ... %AMP03C
    -0.204600146308621       0.449947865001832	; ... %AMP04A
     0.0730566064853519     -0.127957370480999	; ... %AMP04B
    -1.7035064334741         0.94984479181403	; ... %AMP05A
    -0.537388044404906       0.882507625766266	; ... %AMP05B
     0.751999904264267       1.11799981150762	; ... %AMP06A
    -0.796794408617643      -0.784584797528623	; ... %AMP06B
    -0.642721970149069       0.537651935731446	; ... %AMP07A
    -0.028500000000000       0.484680000000000	; ... %AMP07B
    -0.400600000000000       1.089940000000000	; ... %AMP08A
     0.209163042648925       0.105768863965864	; ... %AMP08B
    -0.135682624310675       0.264869692433422	; ... %AMP09A
    -0.00220627504418403     0.408371518294189	; ... %AMP09B
    -0.228332188906734       0.762774662393895	; ... %AMP10A
    -0.650720988784997       0.622515640497113	; ... %AMP10B
     0.453960688570533       0.911306486437752	; ... %AMU11A
     0.737846712649116       1.48821120879802	; ... %AMU11B
    -0.489695391775513       1.03426127260173	; ... %AMP12A
    -1.11001754787503        0.702129587243689	; ... %AMP12B
    -0.47957071285191        0.202969525347271	; ... %AMP01A
    ];



