2:  20.000000  vec =    -73.071523   27.416067 -121.426206   78.150112  -88.566800 -151.583618  189.073385
    sa1_strength       =   -73.0715;
    sa2_strength       =    27.4161;
    sb1_strength       =  -121.4262;
    sb2_strength       =    78.1501;
    sd2_strength       =   -88.5668;
    sd3_strength       =  -151.5836;
    sf2_strength       =   189.0734;
    sd1_strength       =  -139.9432;
    sf1_strength       =   175.4630;

