% set_magnet_strengths_V100_AC10
% 2012-08-28 Ximenes

qaf_strength   =  2.468108;
qad_strength   = -2.404132;
qbd2_strength  = -3.926177;
qbf_strength   =  3.857452;
qbd1_strength  = -2.814165;
qf1_strength   =  2.242388;
qf2_strength   =  3.457020;
qf3_strength   =  2.974394;
qf4_strength   =  2.822362;

sa1_strength   =  -79.737134;
sa2_strength   =   32.425521;
sb1_strength   =  -82.703315;
sb2_strength   =   54.034149;
sd1_strength   = -216.881458;
sf1_strength   =  172.102481;
sd2_strength   =  -18.265605;
sd3_strength   = -125.477531;
sf2_strength   =  156.962838;
