% set_magnet_strengths_V100_AC20
% 2012-08-28 Ximenes

qaf_strength   = +2.512219;
qad_strength   = -2.498995;
qbd2_strength  = +0.000000;
qbf_strength   = +2.512219;
qbd1_strength  = -2.498995;
qf1_strength   = +2.393329;
qf2_strength   = +3.325641;
qf3_strength   = +3.187651;
qf4_strength   = +2.574281;

sa1_strength   =  -49.515555;
sa2_strength   =   28.376146;
sb1_strength   =  -50.234847;
sb2_strength   =   29.376717;
sd1_strength   = -166.199353;
sf1_strength   =  168.071684;
sd2_strength   =  -47.815591;
sd3_strength   = -134.125697;
sf2_strength   =  158.852280;

