% run6_003943.new: result of moga optimization with all ids predicted for
%                  phase2 included in tracking.

%% QUADRUPOLES
%% ===============

qfa_strength     = 3.781127255639479;   % quads fitted for tune [48.094076551431819  13.117516956683698] and new BC seg. model 5
qda_strength     = -1.727450426951440;
qdb2_strength    = -3.464186498121693;
qfb_strength     = 4.255836760752442;
qdb1_strength    = -2.166621192701850;
qf1_strength     = 3.08704787837;
qf2_strength     = 4.152094565265;
qf3_strength     = 3.238939835933;
qf4_strength     = 3.99281375493;


%% Sextupoles
%% ===============

f = 146.6/147;
sda_strength     =  -78.2234*f;
sfa_strength     =   52.0364*f;
sdb_strength     =  -58.1022*f;
sfb_strength     =   76.0027*f;
sd1j_strength    = -177.4914*f;
sf1j_strength    =  197.7428*f;
sd2j_strength    =  -95.6511*f;
sd3j_strength    = -124.5333*f;
sf2j_strength    =  156.0761*f;
sd1k_strength    = -131.1118*f;
sf1k_strength    =  228.7555*f;
sd2k_strength    = -125.9740*f;
sd3k_strength    = -179.6652*f;
sf2k_strength    =  218.7230*f;

