% fr1436e1214_000416.m
%  QUADRUPOLOS
%  ===========

% qfa_strength	= 3.501625670534101;
% qda_strength	= -2.70643896023375;
% qdb2_strength	= -2.98165177546513;
% qfb_strength	= 3.94386701555257;
% qdb1_strength	= -3.369122123868352;
% qf1_strength	= 2.283068839860731;
% qf2_strength	= 3.466545249380189;
% qf3_strength	= 2.598620907195018;
% qf4_strength	= 3.25264861900015;

qfa_strength	= 3.487110399101;
qda_strength	= -2.733162320723;
qdb2_strength	= -2.7498005193;
qfb_strength	= 3.925490441357;
qdb1_strength	= -3.462818426461;
qf1_strength	= 2.324878059882;
qf2_strength	= 3.434750417269;
qf3_strength	= 2.565818901967;
qf4_strength	= 3.290801041283;

%  SEXTUPOLOS
%  ===========

sda_strength	= -25.78574419090665;
sfa_strength	= 23.19583074502165;
sdb_strength	= -36.59216190784120;
sfb_strength	= 54.1958809921335;

sd1_strength	= -157.82859951984780;
sf1_strength	= 187.59186741331775;
sd2_strength	= -85.96165107630075;
sd3_strength	= -135.26270756099825;
sf2_strength	= 127.02066822496560;

sd6_strength	= -136.33787493461925;
sf4_strength	= 229.7684961400870;
sd5_strength	= -118.61334739627105;
sd4_strength	= -173.58966116826220;
sf3_strength	= 202.5289939462155;



