%low2chrom: original do opa
%     %%% QUADRUPOLOS
%  ===========
qaf_strength       =  2.536876;
qad_strength       = -2.730416;
qbd2_strength      = -3.961194;
qbf_strength       =  3.902838;
qbd1_strength      = -2.966239;
qf1_strength       =  2.367821;
qf2_strength       =  3.354286;
qf3_strength       =  3.080632;
qf4_strength       =  2.707639;


%%% SEXTUPOLOS
%  ==========
sa1_strength       =  -70.853154;
sa2_strength       =   30.233062;
sb1_strength       = -120.693260;
sb2_strength       =   76.510022;
sd1_strength       = -134.263630;
sf1_strength       =  176.025605;
sd2_strength       =  -92.401355;
sd3_strength       = -153.186174;
sf2_strength       =  188.453270;
