% res374_126_000570.m
%  QUADRUPOLOS
%  ===========
qaf_strength	= 2.535549070028203;
qad_strength	= -2.725769039358792;
qbd2_strength	= -3.88119000954216;
qbf_strength	= 3.904973958979728;
qbd1_strength	= -3.016781851770925;
qf1_strength	= 2.342013688194359;
qf2_strength	= 3.370801952291223;
qf3_strength	= 3.085872157008281;
qf4_strength	= 2.690227689392565;
 
%  SEXTUPOLOS
%  ===========
sa1_strength	= -63.95124976836740;
sa2_strength	= 24.597000693282195;
sb1_strength	= -120.17954289790435;
sb2_strength	= 71.36785572320560;
sd2a_strength	= -91.92026213733305;
sd3a_strength	= -157.35692014927380;
sf2a_strength	= 181.8456593221615;
sd1a_strength	= -132.28743415882535;
sf1a_strength	= 178.821674900575;
sd2b_strength	= -91.92026213733305;
sd3b_strength	= -157.35692014927380;
sf2b_strength	= 181.8456593221615;
sd1b_strength	= -132.28743415882535;
sf1b_strength	= 178.821674900575;
