% res374_126_000025.m
%  QUADRUPOLOS
%  ===========
qaf_strength	= 2.532725317973225;
qad_strength	= -2.719817089967483;
qbd2_strength	= -3.882692858328257;
qbf_strength	= 3.903460706349039;
qbd1_strength	= -3.01337600115312;
qf1_strength	= 2.341952465319148;
qf2_strength	= 3.371272155401937;
qf3_strength	= 3.076679136670637;
qf4_strength	= 2.696780854028492;
 
%  SEXTUPOLOS
%  ===========
sa1_strength	= -68.00101875974915;
sa2_strength	= 20.861478136108315;
sb1_strength	= -114.63092211185670;
sb2_strength	= 73.7052554181655;
sd2a_strength	= -84.8881676405830;
sd3a_strength	= -148.44444808296815;
sf2a_strength	= 181.47916729825915;
sd1a_strength	= -143.33312007189205;
sf1a_strength	= 177.39487020483040;
sd2b_strength	= -84.8881676405830;
sd3b_strength	= -148.44444808296815;
sf2b_strength	= 181.47916729825915;
sd1b_strength	= -143.33312007189205;
sf1b_strength	= 177.39487020483040;