% res374_126_000405.m
%  QUADRUPOLOS
%  ===========
qaf_strength	= 2.533340615670252;
qad_strength	= -2.717573887668579;
qbd2_strength	= -3.877754944440398;
qbf_strength	= 3.899343465639721;
qbd1_strength	= -3.009586759806108;
qf1_strength	= 2.340026150938539;
qf2_strength	= 3.371900916191644;
qf3_strength	= 3.080393907594018;
qf4_strength	= 2.695206731157039;
 
%  SEXTUPOLOS
%  ===========
sa1_strength	= -63.96995482039930;
sa2_strength	= 23.840124812539990;
sb1_strength	= -119.56789325247160;
sb2_strength	= 70.90108770871515;
sd2a_strength	= -87.9296226391305;
sd3a_strength	= -154.45866730553415;
sf2a_strength	= 180.46930117654430;
sd1a_strength	= -137.31304092718055;
sf1a_strength	= 178.45663313309845;
sd2b_strength	= -87.9296226391305;
sd3b_strength	= -154.45866730553415;
sf2b_strength	= 180.46930117654430;
sd1b_strength	= -137.31304092718055;
sf1b_strength	= 178.45663313309845;