% v500_low2chrom ==> result374-000126
%  QUADRUPOLOS
%  ===========
qaf_strength	= 2.535495000209817;
qad_strength	= -2.7193057330148;
qbd2_strength	= -3.882559559966547;
qbf_strength	= 3.904067745321214;
qbd1_strength	= -3.011440794252263;
qf1_strength	= 2.342026546824837;
qf2_strength	= 3.371319708869896;
qf3_strength	= 3.08307859819553;
qf4_strength	= 2.696888725343039;

% SEXTUPOLOS
% ===========
sa1_strength	= -65.01565437570655;
sa2_strength	= 23.077717774231340;
sb1_strength	= -119.94381530211840;
sb2_strength	= 74.7274810943740;
sd2_strength	= -91.85219609738295;
sd3_strength	= -149.40711403352555;
sf2_strength	= 184.9312274832490;
sd1_strength	= -135.71857752420095;
sf1_strength	= 176.66210844537385;
