% v500_low2chrom ==> result374-000759
%  QUADRUPOLOS
%  ===========
qaf_strength	= 2.537849774010354;
qad_strength	= -2.736497894653643;
qbd2_strength	= -3.971287111645283;
qbf_strength	= 3.900806363751602;
qbd1_strength	= -2.957728179491321;
qf1_strength	= 2.368169790408015;
qf2_strength	= 3.355068476306545;
qf3_strength	= 3.072282925268489;
qf4_strength	= 2.720429307031325;

%  SEXTUPOLOS
%  ===========
sa1_strength	= -67.94166252240520;
sa2_strength	= 24.994553065015540;
sb1_strength	= -119.28112494638690;
sb2_strength	= 76.23750578365145;
sd2_strength	= -90.90818274247175;
sd3_strength	= -150.94108399701885;
sf2_strength	= 184.83176246337810;
sd1_strength	= -137.22229890121485;
sf1_strength	= 177.35616082329025;
