% fr0869_000527.m
%  QUADRUPOLOS
%  ===========
qfa_strength	= 4.502700;
qda_strength	=-2.883302;
qdb2_strength	=-2.676296;
qfb_strength	= 4.492331;
qdb1_strength	=-3.666777;
qf1_strength	= 3.224683;
qf2_strength	= 4.009225;
qf3_strength	= 3.559590;
qf4_strength	= 3.598237;
 
%  SEXTUPOLOS
%  ===========
sda_strength	= -46.507416;
sfa_strength	=  25.255894;
sdb_strength	= -48.380636;
sfb_strength	=  57.786659;
sd1_strength	=-168.863356;
sf1_strength	= 192.191618;
sd2_strength	= -94.905613;
sd3_strength	=-132.044975;
sf2_strength	= 145.220966;
sd6_strength	=-140.539053;
sf4_strength	= 236.517650;
sd5_strength	=-123.291695;
sd4_strength	=-177.129184;
sf3_strength	= 219.614187;
