    % firstRun-001472
    %  QUADRUPOLOS
    %  ===========
    qaf_strength	= 2.446850195063172;
    qad_strength	= -2.37277870630466;
    qbd2_strength	= -3.298344739802667;
    qbf_strength	= 3.98432152111454;
    qbd1_strength	= -3.254249427225617;
    qf1_strength	= 2.408811965156991;
    qf2_strength	= 3.360164040022845;
    qf3_strength	= 2.831316115654785;
    qf4_strength	= 3.051300560377445;
 
    %  SEXTUPOLOS
    %  ===========
    sa1_strength	= -46.455535758107155;
    sa2_strength	= 24.273711967379460;
    sb1_strength	= -72.73626422658185;
    sb2_strength	= 66.49736096285330;
    sd2a_strength	= -51.7140556986775;
    sd3a_strength	= -109.11997210875085;
    sf2a_strength	= 108.91991469898710;
    sd1a_strength	= -211.38411999708615;
    sf1a_strength	= 180.05272642191395;
    sd2b_strength	= -100.90548944652930;
    sd3b_strength	= -141.62602225431625;
    sf2b_strength	= 191.03944478710945;
    sd1b_strength	= -150.64970128423695;
    sf1b_strength	= 222.52345475377710;
