    % firstRun-001521
    %  QUADRUPOLOS
    %  ===========
    qaf_strength	= 2.461624951915323;
    qad_strength	= -2.430939201776709;
    qbd2_strength	= -3.259583317468055;
    qbf_strength	= 3.985714083756181;
    qbd1_strength	= -3.275832948258445;
    qf1_strength	= 2.405555361983065;
    qf2_strength	= 3.356674580120997;
    qf3_strength	= 2.913443041622316;
    qf4_strength	= 2.97060932981493;
 
    %  SEXTUPOLOS
    %  ===========
    sa1_strength	= -47.283054261837945;
    sa2_strength	= 24.662861116404990;
    sb1_strength	= -72.22205142329385;
    sb2_strength	= 66.23814681726210;
    sd2a_strength	= -52.1345936118820;
    sd3a_strength	= -108.9520302997040;
    sf2a_strength	= 108.72020263997415;
    sd1a_strength	= -210.47893977034720;
    sf1a_strength	= 180.66498754616140;
    sd2b_strength	= -100.42003059197980;
    sd3b_strength	= -142.31126333654195;
    sf2b_strength	= 190.67314449791710;
    sd1b_strength	= -151.3042147021040;
    sf1b_strength	= 222.11971327374990;
