    % firstRun-001374
    %  QUADRUPOLOS
    %  ===========
    qaf_strength	= 2.453048481524311;
    qad_strength	= -2.408907239546842;
    qbd2_strength	= -3.317278375257262;
    qbf_strength	= 3.987093792464695;
    qbd1_strength	= -3.246124703397179;
    qf1_strength	= 2.410902478021461;
    qf2_strength	= 3.3571873755535;
    qf3_strength	= 2.870365090485078;
    qf4_strength	= 3.01657193389831;
 
    %  SEXTUPOLOS
    %  ===========
    sa1_strength	= -47.223144942062375;
    sa2_strength	= 24.233864406060705;
    sb1_strength	= -72.57381439465240;
    sb2_strength	= 66.55625223716520;
    sd2a_strength	= -52.11987413122010;
    sd3a_strength	= -108.79900365151725;
    sf2a_strength	= 110.59306106550175;
    sd1a_strength	= -210.677284382535;
    sf1a_strength	= 181.04473111883895;
    sd2b_strength	= -100.22111601965435;
    sd3b_strength	= -141.5987431212870;
    sf2b_strength	= 190.88880966788985;
    sd1b_strength	= -154.35046975750735;
    sf1b_strength	= 222.58953900601605;