%  QUADRUPOLOS
%  ===========

% original values from MAD8
% qfa_strength	=  4.499571506196;
% qda_strength	= -2.949126779361;
% qdb2_strength	= -2.611037711770;
% qfb_strength	=  4.469120091079;
% qdb1_strength	= -3.602597431909;
% qf1_strength	=  3.106963698074;
% qf2_strength	=  4.091629100690;
% qf3_strength	=  3.586821965770;
% qf4_strength	=  3.709761194335;

% adjusted tunes with symmetrization_of_optics_with_ids (no ids inserted)
qfa_strength	=  4.499031994837751;
qda_strength	= -2.950163782032500;
qdb2_strength	= -2.611335641290546;
qfb_strength	=  4.468608852775829;
qdb1_strength	= -3.603180987621668;
qf1_strength	=  3.106692718084281;
qf2_strength	=  4.091569919445813;
qf3_strength	=  3.585869120148233;
qf4_strength	=  3.709147198663783;

%  SEXTUPOLOS
%  ===========

sda_strength	= -25.78574419090665;
sfa_strength	=  23.19583074502165;
sdb_strength	= -36.59216190784120;
sfb_strength	=  54.1958809921335;

sd1_strength	= -157.82859951984780;
sf1_strength	=  187.59186741331775;
sd2_strength	= -85.96165107630075;
sd3_strength	= -135.26270756099825;
sf2_strength	=  127.02066822496560;

sd6_strength	= -136.33787493461925;
sf4_strength	=  229.7684961400870;
sd5_strength	= -118.61334739627105;
sd4_strength	= -173.58966116826220;
sf3_strength	=  202.5289939462155;



