% fr0869_000527.m
%  QUADRUPOLOS
%  ===========
qfa_strength	= 4.500939083585109;
qda_strength	= -2.948507308101822;
qdb2_strength	= -2.607851320364556;
qfb_strength	= 4.468536646332483;
qdb1_strength	= -3.602260332930565;
qf1_strength	= 3.107153201659299;
qf2_strength	= 4.091315394710002;
qf3_strength	= 3.586569278001512;
qf4_strength	= 3.709349513079713;
 
%  SEXTUPOLOS
%  ===========
sda_strength	= -46.758679575198470;
sfa_strength	= 26.6622074299220;
sdb_strength	= -49.571445128975940;
sfb_strength	= 66.18257437452495;
sd1_strength	= -174.15370941085680;
sf1_strength	= 197.37251360249565;
sd2_strength	= -93.85881072190855;
sd3_strength	= -125.64988560404710;
sf2_strength	= 142.15121115328305;
sd6_strength	= -133.2016966347285;
sf4_strength	= 229.65804021532680;
sd5_strength	= -123.19826994348845;
sd4_strength	= -173.79053483404260;
sf3_strength	= 215.66183452267105;
