ID    : EPU200_PH
Energy:  3.00 GeV
BetaX : 16.50 m
BetaY :  3.90 m
dtunex: -0.000897
dtuney: +0.001017
