ID    : EPU200_PC
Energy:  3.00 GeV
BetaX : 16.50 m
BetaY :  3.90 m
dtunex: -0.118599
dtuney: +0.032993
