ID    : EPU200_PV
Energy:  3.00 GeV
BetaX : 16.50 m
BetaY :  3.90 m
dtunex: -0.151906
dtuney: +0.041486
