% firstRun_000556.m
%  QUADRUPOLOS
%  ===========
qaf_strength	= 2.491712226595711;
qad_strength	= -2.541100705980919;
qbd2_strength	= -2.732077689247379;
qbf_strength	= 3.94522744070458;
qbd1_strength	= -3.534052180658331;
qf1_strength	= 2.34258893731243;
qf2_strength	= 3.41047305412923;
qf3_strength	= 2.721239984854249;
qf4_strength	= 3.12345379022464;
 
%  SEXTUPOLOS
%  ===========
sa1_strength	= -22.654177499289305;
sa2_strength	= 22.743082032932090;
sb1_strength	= -55.35330091466905;
sb2_strength	= 57.33175496638485;
sd1a_strength	= -163.79865993826935;
sf1a_strength	= 182.15829011874230;
sd2a_strength	= -71.24537308432165;
sd3a_strength	= -139.90457573256595;
sf2a_strength	= 117.51371068804875;
sd1b_strength	= -144.6253475477775;
sf1b_strength	= 219.846706536985;
sd2b_strength	= -104.79800159711565;
sd3b_strength	= -134.93145667714790;
sf2b_strength	= 164.21327681482055;
