ID    : EPU50_PC
Energy:  3.00 GeV
BetaX : 16.50 m
BetaY :  3.90 m
dtunex: -0.019525
dtuney: +0.008307
