ID    : EPU50_PV
Energy:  3.00 GeV
BetaX : 16.50 m
BetaY :  3.90 m
dtunex: -0.020832
dtuney: +0.007961
