% run6_003943.new: result of moga optimization with all ids predicted for
%                  phase2 included in tracking.

%% QUADRUPOLES
%% ===============

% qfa_strength     = 3.781127255639479;   % quads fitted for tune [48.094076551431819  13.117516956683698] and new BC seg. model 5
% qda_strength     = -1.727450426951440;
% qdb2_strength    = -3.464186498121693;
% qfb_strength     = 4.255836760752442;
% qdb1_strength    = -2.166621192701850;
% qf1_strength     = 3.08704787837;
% qf2_strength     = 4.152094565265;
% qf3_strength     = 3.238939835933;
% qf4_strength     = 3.99281375493;

% qfa_strength     = 3.781428367439702;   % quads fitted for tune [48.094076551431819  13.117516956683698] 
% qda_strength     = -1.727883171047120;  % and new BC seg. model 5 (without dipolar error in BC)
% qdb2_strength    = -3.464188404735297;
% qfb_strength     = 4.256394915910803;
% qdb1_strength    = -2.167053702616425;
% qf1_strength     = 3.08704787837;
% qf2_strength     = 4.152094565265;
% qf3_strength     = 3.238939835933;
% qf4_strength     = 3.99281375493;


%qfa_strength     = 3.781377934050076;   % quads fitted for tune [48.094076551431819  13.117516956683698] 
%qda_strength     = -1.729510957743298;  % and new BC seg. model 5 (without dipolar error in BC)
%qdb2_strength    = -3.464582579589413;  % corrected model 6 (2015-11-03)
%qfb_strength     = 4.256608447646975;
%qdb1_strength    = -2.168696073532848;
%qf1_strength     = 3.08704787837;
%qf2_strength     = 4.152094565265;
%qf3_strength     = 3.238939835933;
%qf4_strength     = 3.99281375493;


%teste afastando quadrupolo QDB1 em 10 cm
qfa_strength     = 3.813149197067;  
qda_strength     = -1.769924117015; 
qdb2_strength    = -4.119872400799;  
qfb_strength     = 4.276081250456;
qdb1_strength    = -1.887790102074;
qf1_strength     = 3.087828113908;
qf2_strength     = 4.133406211252;
qf3_strength     = 3.453487687561;
qf4_strength     = 3.77902850044;


%% Sextupoles
%% ===============

sda_strength     =  -79.8198;
sfa_strength     =   53.0984;
sdb_strength     =  -59.2880;
sfb_strength     =   77.5538;
sd1j_strength    = -181.1137;
sf1j_strength    =  201.7784;
sd2j_strength    =  -97.6032;
sd3j_strength    = -127.0748;
sf2j_strength    =  159.2613;
sd1k_strength    = -133.7876;
sf1k_strength    =  233.4240;
sd2k_strength    = -128.5449;
sd3k_strength    = -183.3318;
sf2k_strength    =  223.1867;

