ID    : U18
Energy:  3.00 GeV
BetaX : 17.00 m
BetaY :  3.40 m
dtunex: +0.000020
dtuney: +0.007788
