% Default.m
%  QUADRUPOLOS
%  ===========
qfa_strength	= 3.497480;
qda_strength	= -2.722980;
qdb2_strength	= -2.980452;
qfb_strength	= 3.942337;
qdb1_strength	= -3.384768;
qf1_strength	= 2.289703;
qf2_strength	= 3.464985;
qf3_strength	= 2.592721;
qf4_strength	= 3.275030;


% primeira otimizacao feita no opa. Ponto inicial do MOGA
sda_strength	= -18.735973;
sfa_strength	=  25.748891;
sdb_strength	= -52.006908;
sfb_strength	=  67.257587;

sd1_strength	=-153.945789;
sf1_strength	= 194.414838;
sd2_strength	= -80.931116;
sd3_strength	=-149.313413;
sf2_strength	= 121.138218;

sd6_strength	=-158.398218;
sf4_strength	= 243.515902;
sd5_strength	=-117.109382;
sd4_strength	=-161.865044;
sf3_strength	= 180.271499;